0.000000 300.000000
0.005000 297.510984
0.010000 295.022674
0.015000 292.535779
0.020000 290.051005
0.025000 287.569055
0.030000 285.090634
0.035000 282.616443
0.040000 280.147182
0.045000 277.683547
0.050000 275.226231
0.055000 272.775925
0.060000 270.333316
0.065000 267.899086
0.070000 265.473913
0.075000 263.058470
0.080000 260.653425
0.085000 258.259441
0.090000 255.877176
0.095000 253.507280
0.100000 251.150397
0.105000 248.807167
0.110000 246.478219
0.115000 244.164178
0.120000 241.865659
0.125000 239.583273
0.130000 237.317619
0.135000 235.069290
0.140000 232.838870
0.145000 230.626934
0.150000 228.434051
0.155000 226.260776
0.160000 224.107658
0.165000 221.975238
0.170000 219.864044
0.175000 217.774597
0.180000 215.707406
0.185000 213.662973
0.190000 211.641788
0.195000 209.644331
0.200000 207.671073
0.205000 205.722474
0.210000 203.798983
0.215000 201.901040
0.220000 200.029075
0.225000 198.183506
0.230000 196.364742
0.235000 194.573181
0.240000 192.809210
0.245000 191.073208
0.250000 189.365542
0.255000 187.686569
0.260000 186.036635
0.265000 184.416077
0.270000 182.825223
0.275000 181.264388
0.280000 179.733880
0.285000 178.233996
0.290000 176.765023
0.295000 175.327240
0.300000 173.920914
0.305000 172.546305
0.310000 171.203664
0.315000 169.893230
0.320000 168.615237
0.325000 167.369907
0.330000 166.157455
0.335000 164.978087
0.340000 163.832002
0.345000 162.719390
0.350000 161.640432
0.355000 160.595302
0.360000 159.584166
0.365000 158.607185
0.370000 157.664508
0.375000 156.756282
0.380000 155.882642
0.385000 155.043720
0.390000 154.239640
0.395000 153.470518
0.400000 152.736466
0.405000 152.037589
0.410000 151.373984
0.415000 150.745745
0.420000 150.152959
0.425000 149.595706
0.430000 149.074062
0.435000 148.588097
0.440000 148.137876
0.445000 147.723458
0.450000 147.344898
0.455000 147.002245
0.460000 146.695543
0.465000 146.424831
0.470000 146.190146
0.475000 145.991515
0.480000 145.828965
0.485000 145.702515
0.490000 145.612183
0.495000 145.557979
0.500000 145.539911
0.505000 145.557979
0.510000 145.612183
0.515000 145.702515
0.520000 145.828965
0.525000 145.991515
0.530000 146.190146
0.535000 146.424831
0.540000 146.695543
0.545000 147.002245
0.550000 147.344898
0.555000 147.723458
0.560000 148.137876
0.565000 148.588097
0.570000 149.074062
0.575000 149.595706
0.580000 150.152959
0.585000 150.745745
0.590000 151.373984
0.595000 152.037589
0.600000 152.736466
0.605000 153.470518
0.610000 154.239640
0.615000 155.043720
0.620000 155.882642
0.625000 156.756282
0.630000 157.664508
0.635000 158.607185
0.640000 159.584166
0.645000 160.595302
0.650000 161.640432
0.655000 162.719390
0.660000 163.832002
0.665000 164.978087
0.670000 166.157455
0.675000 167.369907
0.680000 168.615237
0.685000 169.893230
0.690000 171.203664
0.695000 172.546305
0.700000 173.920914
0.705000 175.327240
0.710000 176.765023
0.715000 178.233996
0.720000 179.733880
0.725000 181.264388
0.730000 182.825223
0.735000 184.416077
0.740000 186.036635
0.745000 187.686569
0.750000 189.365542
0.755000 191.073208
0.760000 192.809210
0.765000 194.573181
0.770000 196.364742
0.775000 198.183506
0.780000 200.029075
0.785000 201.901040
0.790000 203.798983
0.795000 205.722474
0.800000 207.671073
0.805000 209.644331
0.810000 211.641788
0.815000 213.662973
0.820000 215.707406
0.825000 217.774597
0.830000 219.864044
0.835000 221.975238
0.840000 224.107658
0.845000 226.260776
0.850000 228.434051
0.855000 230.626934
0.860000 232.838870
0.865000 235.069290
0.870000 237.317619
0.875000 239.583273
0.880000 241.865659
0.885000 244.164178
0.890000 246.478219
0.895000 248.807167
0.900000 251.150397
0.905000 253.507280
0.910000 255.877176
0.915000 258.259441
0.920000 260.653425
0.925000 263.058470
0.930000 265.473913
0.935000 267.899086
0.940000 270.333316
0.945000 272.775925
0.950000 275.226231
0.955000 277.683547
0.960000 280.147182
0.965000 282.616443
0.970000 285.090634
0.975000 287.569055
0.980000 290.051005
0.985000 292.535779
0.990000 295.022674
0.995000 297.510984
1.000000 300.000000