0.000000 300.000000
0.005000 -2147483648.000000
0.010000 -2147483648.000000
0.015000 -2147483648.000000
0.020000 -2147483648.000000
0.025000 -2147483648.000000
0.030000 -2147483648.000000
0.035000 -2147483648.000000
0.040000 -2147483648.000000
0.045000 -2147483648.000000
0.050000 -2147483648.000000
0.055000 -2147483648.000000
0.060000 -2147483648.000000
0.065000 -2147483648.000000
0.070000 -2147483648.000000
0.075000 -2147483648.000000
0.080000 -2147483648.000000
0.085000 -2147483648.000000
0.090000 -2147483648.000000
0.095000 -2147483648.000000
0.100000 -2147483648.000000
0.105000 -2147483648.000000
0.110000 -2147483648.000000
0.115000 -2147483648.000000
0.120000 -2147483648.000000
0.125000 -2147483648.000000
0.130000 -2147483648.000000
0.135000 -2147483648.000000
0.140000 -2147483648.000000
0.145000 -2147483648.000000
0.150000 -2147483648.000000
0.155000 -2147483648.000000
0.160000 -2147483648.000000
0.165000 -2147483648.000000
0.170000 -2147483648.000000
0.175000 -2147483648.000000
0.180000 -2147483648.000000
0.185000 -2147483648.000000
0.190000 -2147483648.000000
0.195000 -2147483648.000000
0.200000 -2147483648.000000
0.205000 -2147483648.000000
0.210000 -2147483648.000000
0.215000 -2147483648.000000
0.220000 -2147483648.000000
0.225000 -2147483648.000000
0.230000 -2147483648.000000
0.235000 -2147483648.000000
0.240000 -2147483648.000000
0.245000 -2147483648.000000
0.250000 -2147483648.000000
0.255000 -2147483648.000000
0.260000 -2147483648.000000
0.265000 -2147483648.000000
0.270000 -2147483648.000000
0.275000 -2147483648.000000
0.280000 -2147483648.000000
0.285000 -2147483648.000000
0.290000 -2147483648.000000
0.295000 -2147483648.000000
0.300000 -2147483648.000000
0.305000 -2147483648.000000
0.310000 -2147483648.000000
0.315000 -2147483648.000000
0.320000 -2147483648.000000
0.325000 -2147483648.000000
0.330000 -2147483648.000000
0.335000 -2147483648.000000
0.340000 -2147483648.000000
0.345000 -2147483648.000000
0.350000 -2147483648.000000
0.355000 -2147483648.000000
0.360000 -2147483648.000000
0.365000 -2147483648.000000
0.370000 -2147483648.000000
0.375000 -2147483648.000000
0.380000 -2147483648.000000
0.385000 -2147483648.000000
0.390000 -2147483648.000000
0.395000 -2147483648.000000
0.400000 -2147483648.000000
0.405000 -2147483648.000000
0.410000 -2147483648.000000
0.415000 -2147483648.000000
0.420000 -2147483648.000000
0.425000 -2147483648.000000
0.430000 -2147483648.000000
0.435000 -2147483648.000000
0.440000 -2147483648.000000
0.445000 -2147483648.000000
0.450000 -2147483648.000000
0.455000 -2147483648.000000
0.460000 -2147483648.000000
0.465000 -2147483648.000000
0.470000 -2147483648.000000
0.475000 -2147483648.000000
0.480000 -2147483648.000000
0.485000 -2147483648.000000
0.490000 -2147483648.000000
0.495000 -2147483648.000000
0.500000 -2147483648.000000
0.505000 -2147483648.000000
0.510000 -2147483648.000000
0.515000 -2147483648.000000
0.520000 -2147483648.000000
0.525000 -2147483648.000000
0.530000 -2147483648.000000
0.535000 -2147483648.000000
0.540000 -2147483648.000000
0.545000 -2147483648.000000
0.550000 -2147483648.000000
0.555000 -2147483648.000000
0.560000 -2147483648.000000
0.565000 -2147483648.000000
0.570000 -2147483648.000000
0.575000 -2147483648.000000
0.580000 -2147483648.000000
0.585000 -2147483648.000000
0.590000 -2147483648.000000
0.595000 -2147483648.000000
0.600000 -2147483648.000000
0.605000 -2147483648.000000
0.610000 -2147483648.000000
0.615000 -2147483648.000000
0.620000 -2147483648.000000
0.625000 -2147483648.000000
0.630000 -2147483648.000000
0.635000 -2147483648.000000
0.640000 -2147483648.000000
0.645000 -2147483648.000000
0.650000 -2147483648.000000
0.655000 -2147483648.000000
0.660000 -2147483648.000000
0.665000 -2147483648.000000
0.670000 -2147483648.000000
0.675000 -2147483648.000000
0.680000 -2147483648.000000
0.685000 -2147483648.000000
0.690000 -2147483648.000000
0.695000 -2147483648.000000
0.700000 -2147483648.000000
0.705000 -2147483648.000000
0.710000 -2147483648.000000
0.715000 -2147483648.000000
0.720000 -2147483648.000000
0.725000 -2147483648.000000
0.730000 -2147483648.000000
0.735000 -2147483648.000000
0.740000 -2147483648.000000
0.745000 -2147483648.000000
0.750000 -2147483648.000000
0.755000 -2147483648.000000
0.760000 -2147483648.000000
0.765000 -2147483648.000000
0.770000 -2147483648.000000
0.775000 -2147483648.000000
0.780000 -2147483648.000000
0.785000 -2147483648.000000
0.790000 -2147483648.000000
0.795000 -2147483648.000000
0.800000 -2147483648.000000
0.805000 -2147483648.000000
0.810000 -2147483648.000000
0.815000 -2147483648.000000
0.820000 -2147483648.000000
0.825000 -2147483648.000000
0.830000 -2147483648.000000
0.835000 -2147483648.000000
0.840000 -2147483648.000000
0.845000 -2147483648.000000
0.850000 -2147483648.000000
0.855000 -2147483648.000000
0.860000 -2147483648.000000
0.865000 -2147483648.000000
0.870000 -2147483648.000000
0.875000 -2147483648.000000
0.880000 -2147483648.000000
0.885000 -2147483648.000000
0.890000 -2147483648.000000
0.895000 -2147483648.000000
0.900000 -2147483648.000000
0.905000 -2147483648.000000
0.910000 -2147483648.000000
0.915000 -2147483648.000000
0.920000 -2147483648.000000
0.925000 -2147483648.000000
0.930000 -2147483648.000000
0.935000 -2147483648.000000
0.940000 -2147483648.000000
0.945000 -2147483648.000000
0.950000 -2147483648.000000
0.955000 -2147483648.000000
0.960000 -2147483648.000000
0.965000 -2147483648.000000
0.970000 -2147483648.000000
0.975000 -2147483648.000000
0.980000 -2147483648.000000
0.985000 -2147483648.000000
0.990000 -2147483648.000000
0.995000 -2147483648.000000
1.000000 300.000000